225 225 225 225 225 
45 45 45 45 45 45 45 45 45 45 45 45 45 45 45 45 45 45 45 45 45 45 45 45 45 
225 225 225 0 0 0 225 225 225 
54 54 54 54 54 54 54 54 54 54 54 54 54 54 54 54 54 54 54 54 54 54 54 54 54 
225 225 0 0 0 0 0 0 0 225 225 
36 36 36 36 36 36 36 36 36 36 36 36 36 36 36 36 36 36 36 36 36 36 36 36 36 
225 225 0 0 0 0 0 0 0 0 0 225 225 
36 36 36 36 36 36 36 36 36 36 36 36 36 36 36 36 36 36 36 36 36 36 36 36 36 
225 0 0 0 0 0 0 0 0 0 0 0 225 
18 18 18 18 18 18 18 18 18 18 18 18 18 18 18 18 18 18 18 18 18 18 18 18 18 
225 0 0 0 0 0 0 0 0 0 0 0 0 0 225 
18 18 18 18 18 18 18 18 18 18 18 18 18 18 18 18 18 18 18 18 18 18 18 18 18 
225 0 0 0 0 0 0 0 0 0 0 0 0 0 225 
18 18 18 18 18 18 18 18 18 18 18 18 18 18 18 18 18 18 18 18 18 18 18 18 18 
225 0 0 0 0 0 0 0 0 0 0 0 0 0 0 0 225 
18 18 18 18 18 18 18 18 18 18 18 18 18 18 18 18 18 18 18 18 18 18 18 18 18 
225 0 0 0 0 0 0 0 0 0 0 0 0 0 0 0 225 
18 18 18 18 18 18 18 18 18 18 18 18 18 18 18 18 18 18 18 18 18 18 18 18 18 
225 0 0 0 0 0 0 0 0 0 0 0 0 0 0 0 225 
18 18 18 18 18 18 18 18 18 18 18 18 18 18 18 18 18 18 18 18 18 18 18 18 18 
225 0 0 0 0 0 0 0 0 0 0 0 0 0 0 0 225 
18 18 18 18 18 18 18 18 18 18 18 18 18 18 18 18 18 18 18 18 18 18 18 18 18 
225 0 0 0 0 0 0 0 0 0 0 0 0 0 0 0 0 0 225 
18 18 18 18 18 18 18 18 18 18 18 18 18 18 18 18 18 18 18 18 18 18 18 18 18 
225 0 0 0 0 0 0 0 0 0 0 0 0 0 0 0 0 0 225 
18 18 18 18 18 18 18 18 18 18 18 18 18 18 18 18 18 18 18 18 18 18 18 18 18 
225 0 0 0 0 0 0 0 0 0 0 0 0 0 0 0 0 0 225 
18 18 18 18 18 18 18 18 18 18 18 18 18 18 18 18 18 18 18 18 18 18 18 18 18 
225 0 0 0 0 0 0 0 0 0 0 0 0 0 0 0 0 0 225 
18 18 18 18 18 18 18 18 18 18 18 18 18 18 18 18 18 18 18 18 18 18 18 18 18 
225 0 0 0 0 0 0 0 0 0 0 0 0 0 0 0 0 0 225 
18 18 18 18 18 18 18 18 18 18 18 18 18 18 18 18 18 18 18 18 18 18 18 18 18 
225 0 0 0 0 0 0 0 0 0 0 0 0 0 0 0 0 0 225 
18 18 18 18 18 18 18 18 18 18 18 18 18 18 18 18 18 18 18 18 18 18 18 18 18 
225 0 0 0 0 0 0 0 0 0 0 0 0 0 0 0 0 0 225 
18 18 18 18 18 18 18 18 18 18 18 18 18 18 18 18 18 18 18 18 18 18 18 18 18 
225 0 0 0 0 0 0 0 0 0 0 0 0 0 0 0 0 0 225 
18 18 18 18 18 18 18 18 18 18 18 18 18 18 18 18 18 18 18 18 18 18 18 18 18 
225 0 0 0 0 0 0 0 0 0 0 0 0 0 0 0 0 0 225 
18 18 18 18 18 18 18 18 18 18 18 18 18 18 18 18 18 18 18 18 18 18 18 18 18 
225 0 0 0 0 0 0 0 0 0 0 0 0 0 0 0 225 
18 18 18 18 18 18 18 18 18 18 18 18 18 18 18 18 18 18 18 18 18 18 18 18 18 
225 0 0 0 0 0 0 0 0 0 0 0 0 0 0 0 225 
18 18 18 18 18 18 18 18 18 18 18 18 18 18 18 18 18 18 18 18 18 18 18 18 18 
225 0 0 0 0 0 0 0 0 0 0 0 0 0 0 0 225 
18 18 18 18 18 18 18 18 18 18 18 18 18 18 18 18 18 18 18 18 18 18 18 18 18 
225 0 0 0 0 0 0 0 0 0 0 0 0 0 0 0 225 
18 18 18 18 18 18 18 18 18 18 18 18 18 18 18 18 18 18 18 18 18 18 18 18 18 
225 0 0 0 0 0 0 0 0 0 0 0 0 0 225 
18 18 18 18 18 18 18 18 18 18 18 18 18 18 18 18 18 18 18 18 18 18 18 18 18 
225 0 0 0 0 0 0 0 0 0 0 0 0 0 225 
18 18 18 18 18 18 18 18 18 18 18 18 18 18 18 18 18 18 18 18 18 18 18 18 18 
225 0 0 0 0 0 0 0 0 0 0 0 225 
18 18 18 18 18 18 18 18 18 18 18 18 18 18 18 18 18 18 18 18 18 18 18 18 18 
225 225 0 0 0 0 0 0 0 0 0 225 225 
36 36 36 36 36 36 36 36 36 36 36 36 36 36 36 36 36 36 36 36 36 36 36 36 36 
225 225 0 0 0 0 0 0 0 225 225 
36 36 36 36 36 36 36 36 36 36 36 36 36 36 36 36 36 36 36 36 36 36 36 36 36 
225 225 225 0 0 0 225 225 225 
54 54 54 54 54 54 54 54 54 54 54 54 54 54 54 54 54 54 54 54 54 54 54 54 54 
225 225 225 225 225 
45 45 45 45 45 45 45 45 45 45 45 45 45 45 45 45 45 45 45 45 45 45 45 45 45 
81 72 36 36 36 36 18 36 18 18 18 36 18 36 36 36 36 72 81 
0 0 0 0 0 0 0 0 0 0 0 0 0 0 0 0 0 0 0 0 0 0 0 0 0 0 0 0 0 0 0 
81 72 36 36 36 36 18 36 18 18 18 36 18 36 36 36 36 72 81 
0 0 0 0 0 0 0 0 0 0 0 0 0 0 0 0 0 0 0 0 0 0 0 0 0 0 0 0 0 0 0 
81 72 36 36 36 36 18 36 18 18 18 36 18 36 36 36 36 72 81 
0 0 0 0 0 0 0 0 0 0 0 0 0 0 0 0 0 0 0 0 0 0 0 0 0 0 0 0 0 0 0 
81 72 36 36 36 36 18 36 18 18 18 36 18 36 36 36 36 72 81 
0 0 0 81 81 81 81 81 81 81 81 81 81 81 81 81 81 81 81 81 81 81 81 81 81 81 81 81 0 0 0 
81 72 36 36 36 36 18 36 18 18 18 36 18 36 36 36 36 72 81 
0 0 0 72 72 72 72 72 72 72 72 72 72 72 72 72 72 72 72 72 72 72 72 72 72 72 72 72 0 0 0 
81 72 36 36 36 36 18 36 18 18 18 36 18 36 36 36 36 72 81 
0 0 0 36 36 36 36 36 36 36 36 36 36 36 36 36 36 36 36 36 36 36 36 36 36 36 36 36 0 0 0 
81 72 36 36 36 36 18 36 18 18 18 36 18 36 36 36 36 72 81 
0 0 0 36 36 36 36 36 36 36 36 36 36 36 36 36 36 36 36 36 36 36 36 36 36 36 36 36 0 0 0 
81 72 36 36 36 36 18 36 18 18 18 36 18 36 36 36 36 72 81 
0 0 0 36 36 36 36 36 36 36 36 36 36 36 36 36 36 36 36 36 36 36 36 36 36 36 36 36 0 0 0 
81 72 36 36 36 36 18 36 18 18 18 36 18 36 36 36 36 72 81 
0 0 0 36 36 36 36 36 36 36 36 36 36 36 36 36 36 36 36 36 36 36 36 36 36 36 36 36 0 0 0 
81 72 36 36 36 36 18 36 18 18 18 36 18 36 36 36 36 72 81 
0 0 0 18 18 18 18 18 18 18 18 18 18 18 18 18 18 18 18 18 18 18 18 18 18 18 18 18 0 0 0 
81 72 36 36 36 36 18 36 18 18 18 36 18 36 36 36 36 72 81 
0 0 0 36 36 36 36 36 36 36 36 36 36 36 36 36 36 36 36 36 36 36 36 36 36 36 36 36 0 0 0 
81 72 36 36 36 36 18 36 18 18 18 36 18 36 36 36 36 72 81 
0 0 0 18 18 18 18 18 18 18 18 18 18 18 18 18 18 18 18 18 18 18 18 18 18 18 18 18 0 0 0 
81 72 36 36 36 36 18 36 18 18 18 36 18 36 36 36 36 72 81 
0 0 0 18 18 18 18 18 18 18 18 18 18 18 18 18 18 18 18 18 18 18 18 18 18 18 18 18 0 0 0 
81 72 36 36 36 36 18 36 18 18 18 36 18 36 36 36 36 72 81 
0 0 0 18 18 18 18 18 18 18 18 18 18 18 18 18 18 18 18 18 18 18 18 18 18 18 18 18 0 0 0 
81 72 36 36 36 36 18 36 18 18 18 36 18 36 36 36 36 72 81 
0 0 0 36 36 36 36 36 36 36 36 36 36 36 36 36 36 36 36 36 36 36 36 36 36 36 36 36 0 0 0 
81 72 36 36 36 36 18 36 18 18 18 36 18 36 36 36 36 72 81 
0 0 0 18 18 18 18 18 18 18 18 18 18 18 18 18 18 18 18 18 18 18 18 18 18 18 18 18 0 0 0 
81 72 36 36 36 36 18 36 18 18 18 36 18 36 36 36 36 72 81 
0 0 0 36 36 36 36 36 36 36 36 36 36 36 36 36 36 36 36 36 36 36 36 36 36 36 36 36 0 0 0 
81 72 36 36 36 36 18 36 18 18 18 36 18 36 36 36 36 72 81 
0 0 0 36 36 36 36 36 36 36 36 36 36 36 36 36 36 36 36 36 36 36 36 36 36 36 36 36 0 0 0 
81 72 36 36 36 36 18 36 18 18 18 36 18 36 36 36 36 72 81 
0 0 0 36 36 36 36 36 36 36 36 36 36 36 36 36 36 36 36 36 36 36 36 36 36 36 36 36 0 0 0 
81 72 36 36 36 36 18 36 18 18 18 36 18 36 36 36 36 72 81 
0 0 0 36 36 36 36 36 36 36 36 36 36 36 36 36 36 36 36 36 36 36 36 36 36 36 36 36 0 0 0 
81 72 36 36 36 36 18 36 18 18 18 36 18 36 36 36 36 72 81 
0 0 0 72 72 72 72 72 72 72 72 72 72 72 72 72 72 72 72 72 72 72 72 72 72 72 72 72 0 0 0 
81 72 36 36 36 36 18 36 18 18 18 36 18 36 36 36 36 72 81 
0 0 0 81 81 81 81 81 81 81 81 81 81 81 81 81 81 81 81 81 81 81 81 81 81 81 81 81 0 0 0 
81 72 36 36 36 36 18 36 18 18 18 36 18 36 36 36 36 72 81 
0 0 0 0 0 0 0 0 0 0 0 0 0 0 0 0 0 0 0 0 0 0 0 0 0 0 0 0 0 0 0 
81 72 36 36 36 36 18 36 18 18 18 36 18 36 36 36 36 72 81 
0 0 0 0 0 0 0 0 0 0 0 0 0 0 0 0 0 0 0 0 0 0 0 0 0 0 0 0 0 0 0 
81 72 36 36 36 36 18 36 18 18 18 36 18 36 36 36 36 72 81 
0 0 0 0 0 0 0 0 0 0 0 0 0 0 0 0 0 0 0 0 0 0 0 0 0 0 0 0 0 0 0 
