9 
9 
63 81 99 90 99 81 63 
27 45 63 63 63 54 63 63 63 45 27 
81 54 54 36 36 36 54 54 81 
45 63 36 36 18 18 18 18 18 18 18 36 36 63 45 
99 36 18 18 36 36 36 18 18 36 99 
27 45 18 18 36 18 18 18 18 18 18 18 18 18 36 18 18 45 27 
81 36 36 36 18 18 18 18 18 36 36 36 81 
27 36 36 18 18 18 18 18 18 18 18 18 18 18 18 18 18 18 36 36 27 
63 54 36 18 18 18 18 18 18 18 18 18 36 54 63 
27 36 18 18 18 18 18 18 18 18 18 18 18 18 18 18 18 18 18 18 18 36 27 
99 36 36 18 18 18 18 18 18 18 18 18 36 36 99 
27 36 18 18 18 18 18 18 18 18 18 18 18 18 18 18 18 18 18 18 18 18 18 36 27 
45 72 36 36 18 18 18 18 18 18 18 18 18 36 36 72 45 
45 36 18 18 18 18 18 18 18 18 18 18 18 18 18 18 18 18 18 18 18 18 18 36 45 
81 54 36 18 18 18 18 18 18 18 18 18 18 18 36 54 81 
27 36 18 18 18 18 18 18 18 18 18 18 18 18 18 18 18 18 18 18 18 18 18 18 18 36 27 
99 54 18 36 18 18 18 18 18 18 18 18 18 36 18 54 99 
45 36 18 18 18 18 18 18 18 18 18 18 18 18 18 18 18 18 18 18 18 18 18 18 18 36 45 
99 54 36 18 18 18 18 18 18 18 18 18 18 18 36 54 99 
45 36 18 18 18 18 18 18 18 18 18 18 18 18 18 18 18 18 18 18 18 18 18 18 18 36 45 
117 36 36 18 18 18 18 18 18 18 18 18 18 18 36 36 117 
63 18 18 18 18 18 18 18 18 18 18 18 18 18 18 18 18 18 18 18 18 18 18 18 18 18 63 
9 108 36 36 18 18 18 18 18 18 18 18 18 18 18 36 36 108 9 
9 54 18 18 18 18 18 18 18 18 18 18 18 18 18 18 18 18 18 18 18 18 18 18 18 18 18 54 9 
117 36 36 18 18 18 18 18 18 18 18 18 18 18 36 36 117 
63 18 18 18 18 18 18 18 18 18 18 18 18 18 18 18 18 18 18 18 18 18 18 18 18 18 63 
99 54 36 18 18 18 18 18 18 18 18 18 18 18 36 54 99 
45 36 18 18 18 18 18 18 18 18 18 18 18 18 18 18 18 18 18 18 18 18 18 18 18 36 45 
99 54 18 36 18 18 18 18 18 18 18 18 18 36 18 54 99 
45 36 18 18 18 18 18 18 18 18 18 18 18 18 18 18 18 18 18 18 18 18 18 18 18 36 45 
81 54 36 18 18 18 18 18 18 18 18 18 18 18 36 54 81 
27 36 18 18 18 18 18 18 18 18 18 18 18 18 18 18 18 18 18 18 18 18 18 18 18 36 27 
45 72 36 36 18 18 18 18 18 18 18 18 18 36 36 72 45 
45 36 18 18 18 18 18 18 18 18 18 18 18 18 18 18 18 18 18 18 18 18 18 36 45 
99 36 36 18 18 18 18 18 18 18 18 18 36 36 99 
27 36 18 18 18 18 18 18 18 18 18 18 18 18 18 18 18 18 18 18 18 18 18 36 27 
63 54 36 18 18 18 18 18 18 18 18 18 36 54 63 
27 36 18 18 18 18 18 18 18 18 18 18 18 18 18 18 18 18 18 18 18 36 27 
81 36 36 36 18 18 18 18 18 36 36 36 81 
27 36 36 18 18 18 18 18 18 18 18 18 18 18 18 18 18 18 36 36 27 
99 36 18 18 36 36 36 18 18 36 99 
27 45 18 18 36 18 18 18 18 18 18 18 18 18 36 18 18 45 27 
81 54 54 36 36 36 54 54 81 
45 63 36 36 18 18 18 18 18 18 18 36 36 63 45 
63 81 99 90 99 81 63 
27 45 63 63 63 54 63 63 63 45 27 
9 
9 
9 
0 
27 63 81 72 81 63 27 
0 0 0 0 0 0 0 0 0 
63 54 36 36 36 36 36 54 63 
0 0 0 0 0 0 0 0 0 0 0 0 0 
63 36 36 18 18 18 18 18 36 36 63 
0 0 0 0 0 0 0 0 0 0 0 0 0 0 0 
45 54 18 18 18 18 18 18 18 18 18 54 45 
0 0 0 0 0 0 0 0 0 0 0 0 0 0 0 0 0 
81 36 18 18 18 18 18 18 18 18 18 36 81 
0 0 0 0 0 0 0 0 0 9 0 0 0 0 0 0 0 0 0 
63 36 36 18 18 18 18 18 18 18 18 18 36 36 63 
0 0 0 27 63 81 81 99 99 90 99 99 81 81 63 27 0 0 0 
81 36 18 18 18 18 18 18 18 18 18 18 18 36 81 
0 0 63 81 72 54 36 54 36 36 36 36 36 54 36 54 72 81 63 0 0 
27 72 36 18 18 18 18 18 18 18 18 18 18 18 36 72 27 
45 81 36 36 36 18 36 18 18 18 18 18 18 18 36 18 36 36 36 81 45 
63 54 18 36 18 18 18 18 18 18 18 18 18 36 18 54 63 
63 54 36 36 18 18 36 18 18 18 18 18 18 18 18 18 36 18 18 36 36 54 63 
81 36 36 18 18 18 18 18 18 18 18 18 18 18 36 36 81 
36 18 18 18 18 18 18 18 18 18 18 18 18 18 18 18 18 18 18 18 18 18 36 
81 54 18 18 18 18 18 18 18 18 18 18 18 18 18 54 81 
36 18 18 18 18 18 18 18 18 18 18 18 18 18 18 18 18 18 18 18 18 18 36 
99 36 18 18 18 18 18 18 18 18 18 18 18 18 18 36 99 
18 18 18 18 18 18 18 18 18 18 18 18 18 18 18 18 18 18 18 18 18 18 18 
99 36 18 18 18 18 18 18 18 18 18 18 18 18 18 36 99 
18 18 18 18 18 18 18 18 18 18 18 18 18 18 18 18 18 18 18 18 18 18 18 
9 90 36 18 18 18 18 18 18 18 18 18 18 18 18 18 36 90 9 
36 18 18 18 18 18 18 18 18 18 18 18 18 18 18 18 18 18 18 18 18 18 18 18 36 
99 36 18 18 18 18 18 18 18 18 18 18 18 18 18 36 99 
18 18 18 18 18 18 18 18 18 18 18 18 18 18 18 18 18 18 18 18 18 18 18 
99 36 18 18 18 18 18 18 18 18 18 18 18 18 18 36 99 
18 18 18 18 18 18 18 18 18 18 18 18 18 18 18 18 18 18 18 18 18 18 18 
81 54 18 18 18 18 18 18 18 18 18 18 18 18 18 54 81 
36 18 18 18 18 18 18 18 18 18 18 18 18 18 18 18 18 18 18 18 18 18 36 
81 36 36 18 18 18 18 18 18 18 18 18 18 18 36 36 81 
36 18 18 18 18 18 18 18 18 18 18 18 18 18 18 18 18 18 18 18 18 18 36 
63 54 18 36 18 18 18 18 18 18 18 18 18 36 18 54 63 
63 54 36 36 18 18 36 18 18 18 18 18 18 18 18 18 36 18 18 36 36 54 63 
27 72 36 18 18 18 18 18 18 18 18 18 18 18 36 72 27 
45 81 36 36 36 18 36 18 18 18 18 18 18 18 36 18 36 36 36 81 45 
81 36 18 18 18 18 18 18 18 18 18 18 18 36 81 
0 0 63 81 72 54 36 54 36 36 36 36 36 54 36 54 72 81 63 0 0 
63 36 36 18 18 18 18 18 18 18 18 18 36 36 63 
0 0 0 27 63 81 81 99 99 90 99 99 81 81 63 27 0 0 0 
81 36 18 18 18 18 18 18 18 18 18 36 81 
0 0 0 0 0 0 0 0 0 9 0 0 0 0 0 0 0 0 0 
45 54 18 18 18 18 18 18 18 18 18 54 45 
0 0 0 0 0 0 0 0 0 0 0 0 0 0 0 0 0 
63 36 36 18 18 18 18 18 36 36 63 
0 0 0 0 0 0 0 0 0 0 0 0 0 0 0 
63 54 36 36 36 36 36 54 63 
0 0 0 0 0 0 0 0 0 0 0 0 0 
27 63 81 72 81 63 27 
0 0 0 0 0 0 0 0 0 
9 
0 
